马云 001 18 0010109011030
 01 马化腾 呼吸科 主任医师
4 1 0 1 0 1 0 1
2
测身高 10.00
测体重 20.00
30.00
2
减肥药 1 10.00
眼药水 2 20.00
50.00
4800.00
10 8 15 11
10 31 15 11
雷军 002 20 0023010011005
 30 柳传志 儿科 主任医师
3 0 1 0 1 0 1 0
2
测体温 10.00
新冠检测 20.00
30.00
2
瑞德西韦 1 100.00
氯喹 2 200.00
500.00
1000.00
10 10 15 12
10 11 15 12
李彦宏 003 30 0030305011005
 03 张朝阳 骨科 住院医师
2 0 0 0 0 0 1 1
0
0.00
0
0.00
0.00
周杰伦 004 22 0040401121302
 04 昆凌 骨科 住院医师
3 1 0 0 0 0 1 1
0
0.00
0
0.00
0.00
小明 005 23 0053010011005
 30 柳传志 儿科 主任医师
3 0 1 0 1 0 1 0
2
测体温 10.00
新冠检测 20.00
30.00
2
瑞德西韦 1 100.00
氯喹 2 200.00
500.00
1000.00
10 10 15 12
10 11 15 12
小红 006 19 0063010011005
 30 柳传志 儿科 主任医师
3 0 1 0 1 0 1 0
2
测体温 10.00
新冠检测 20.00
30.00
2
瑞德西韦 1 100.00
氯喹 2 200.00
500.00
1000.00
10 10 15 12
10 11 15 12
小天 013 21 0130302181005
 03 张朝阳 骨科 住院医师
2 0 0 0 0 0 1 1
0
0.00
0
0.00
0.00
小胖 011 18 0110107011030
 01 马化腾 呼吸科 主任医师
4 1 0 1 0 1 0 1
2
测身高 10.00
测体重 20.00
30.00
2
半夏糖浆 1 1.30
当归丸 2 5.61
12.51
4800.00
10 8 15 11
10 31 15 11
应杰 021 20 0211108011030
 11 华佗 妇产科 主任医师
4 1 0 1 0 1 0 1
2
测身高 10.00
测体重 20.00
30.00
3
半夏糖浆 1 1.30
当归丸 2 5.61
护肝片 1 14.89
27.40
4800.00
10 8 15 11
10 31 15 11
张琨杰 031 21 0312107011030
 21 李时珍 儿科 主任医师
4 1 0 1 0 1 0 1
2
测身高 10.00
测体重 20.00
30.00
1
藿香正气水 1 1.26
1.26
4800.00
10 8 15 11
10 31 15 11
张振华 041 20 0412109031030
 21 李时珍 儿科 主任医师
4 1 0 1 0 1 0 1
2
测身高 10.00
测体重 20.00
30.00
1
急支糖浆 1 12.83
12.83
4800.00
10 8 15 11
10 31 15 11
a 076 12 0762302020202
 23 2 21 主任医师
2 1 1 0 0 0 0 0
0
0.00
0
0.00
0.00
